0,1.6251122E-5,9.595847E-6,-4.4827615E-5,-6.462025E-5,-5.0758208E-5,-3.2340056E-5,3.6504458E-5,1.6200638E-5
1,-1.2756713E-6,1.5598797E-6,7.309266E-6,8.888163E-6,2.7376632E-6,3.5994728E-6,-1.0416074E-6,-1.4617405E-6
2,-1.3687053E-5,7.91497E-6,2.2941036E-5,3.075696E-5,2.3843215E-5,1.7439104E-5,-1.2986363E-5,-1.602383E-5
3,-1.4675208E-5,8.8633226E-7,3.944331E-5,5.3958356E-5,3.9097165E-5,2.5788917E-5,-2.2404602E-5,-1.903125E-5
4,-1.4342461E-6,7.344782E-7,8.901004E-6,1.3970798E-5,1.0076075E-5,7.2066364E-6,-7.233367E-6,-4.3944233E-6
5,-7.376682E-7,-3.2327048E-7,8.354994E-6,1.3779392E-5,9.626219E-6,4.754057E-6,-6.099558E-6,-3.84979E-6
6,1.0758806E-5,3.6602592E-6,-3.704289E-5,-4.941237E-5,-3.351461E-5,-2.2095632E-5,2.3889284E-5,1.1597863E-5
7,3.1988304E-5,-3.1456176E-7,-8.758226E-5,-1.2138825E-4,-8.7569046E-5,-5.547113E-5,5.7403977E-5,3.8842976E-5
8,2.8901443E-6,3.6284043E-6,-1.1391132E-5,-1.51115755E-5,-1.2442979E-5,-7.4024806E-6,8.443567E-6,2.1372068E-6
9,-1.5383614E-6,-1.3341405E-6,1.8370089E-5,2.4168472E-5,1.8434068E-5,1.2187734E-5,-1.3833211E-5,-5.55587E-6
10,5.970424E-6,7.5790094E-6,-2.9553948E-5,-4.4746346E-5,-3.2762768E-5,-1.5937698E-5,2.5410827E-5,8.993378E-6
11,-2.50185E-5,1.2033106E-5,3.3916276E-5,5.846936E-5,3.9731833E-5,2.2304877E-5,-2.3021896E-5,-3.092998E-5
12,1.8658877E-5,-9.967409E-7,-5.2816267E-5,-7.426886E-5,-5.4178905E-5,-3.415366E-5,3.5179844E-5,2.2971477E-5
13,7.337522E-6,-6.4578387E-7,-3.537983E-6,-5.4429997E-6,-7.5056696E-6,-5.0241933E-6,2.9945522E-6,4.3882173E-6
14,9.520224E-6,2.96694E-6,-3.6102694E-5,-5.076195E-5,-3.9341186E-5,-2.5900401E-5,2.8523818E-5,1.3366463E-5
15,1.2969132E-5,1.0999586E-6,-3.1826778E-5,-4.4010492E-5,-3.2426145E-5,-2.0814305E-5,2.0714815E-5,1.4181745E-5
16,-9.801789E-7,1.2986379E-7,2.439159E-6,3.7235422E-6,2.5630568E-6,1.8225999E-6,-1.6964776E-6,-1.0857979E-6
17,-2.658614E-7,1.826369E-8,8.016356E-8,1.2623097E-7,1.0260067E-7,-1.479326E-7,1.9155357E-7,-1.6456492E-9
18,4.1908174E-6,1.5382238E-5,-2.7303828E-5,-3.519655E-5,-3.534834E-5,-2.1266445E-5,2.856382E-5,1.6231668E-6
19,1.8064857E-5,-8.398138E-6,-2.8308788E-5,-4.5120512E-5,-2.4823086E-5,-1.6690901E-5,1.2712673E-5,2.2585948E-5
20,-5.1442394E-6,2.197801E-6,1.44459445E-5,1.929263E-5,1.2581512E-5,7.733111E-6,-7.5236567E-6,-7.480225E-6
21,-1.4324007E-5,2.1022322E-6,3.8282597E-5,5.4355383E-5,4.0336156E-5,2.447727E-5,-2.5502946E-5,-1.7939361E-5
22,-6.975549E-6,-1.7037222E-7,1.9730945E-5,2.801852E-5,1.9602983E-5,1.2697061E-5,-1.3435494E-5,-9.655791E-6
23,1.3185769E-5,-2.1836058E-6,-3.6890982E-5,-5.1093444E-5,-3.9288625E-5,-2.6347827E-5,2.7149616E-5,1.723474E-5
24,9.65957E-7,-1.2386498E-6,-3.5691285E-6,-7.4194663E-6,-6.223089E-6,-4.52648E-6,4.5147253E-6,2.454275E-6
25,4.853808E-6,-9.590474E-7,-2.0016172E-5,-2.9005398E-5,-2.2020058E-5,-1.4515257E-5,1.5613525E-5,7.956164E-6
26,-6.1960045E-6,8.377142E-7,1.8754718E-5,2.6807473E-5,1.8069877E-5,1.2510056E-5,-1.24604185E-5,-9.590833E-6
27,9.585318E-6,3.4820282E-6,-4.5468907E-5,-6.4318374E-5,-4.4911372E-5,-2.6862614E-5,3.06984E-5,1.4439625E-5
28,7.0962496E-6,4.330755E-6,-4.0427476E-5,-5.737049E-5,-3.8967293E-5,-2.3478964E-5,2.6802318E-5,1.0253606E-5
29,-2.8688582E-6,4.7455845E-7,8.412578E-6,1.2032851E-5,7.746457E-6,4.899826E-6,-5.2800833E-6,-4.4171484E-6
30,-8.2134676E-7,-3.416989E-7,2.4248982E-6,4.574151E-6,2.9146552E-6,2.3727869E-6,-1.2573504E-6,-1.3643584E-6
31,-1.9918853E-6,-5.4404957E-8,5.7516745E-6,8.048093E-6,5.5143687E-6,3.4769203E-6,-3.6315787E-6,-2.9085138E-6
32,-8.4228066E-7,-6.8094153E-9,2.956128E-6,4.338309E-6,3.2162202E-6,1.9904778E-6,-1.9442914E-6,-1.2842451E-6
33,-2.8367015E-6,4.568347E-7,9.58457E-6,1.3907931E-5,9.784625E-6,6.6426005E-6,-6.4333917E-6,-3.972495E-6
34,-1.9096124E-5,2.2394618E-6,5.6618584E-5,7.691302E-5,5.134132E-5,3.5487745E-5,-3.4271434E-5,-2.4006384E-5
35,-4.8308734E-6,1.8647024E-6,1.5794125E-5,2.2811282E-5,1.4441123E-5,1.0716803E-5,-1.0411841E-5,-6.292859E-6
36,1.59636E-5,-2.6190482E-6,-2.4423918E-5,-3.1653966E-5,-1.6630662E-5,-1.0924182E-5,9.401383E-6,2.0824185E-5
37,1.8764198E-5,-2.8187726E-6,-5.6059613E-5,-7.8903446E-5,-5.9638794E-5,-3.9674534E-5,4.14787E-5,2.4811188E-5
38,9.3045014E-7,-1.6560684E-6,-3.6815131E-6,-7.086066E-6,-6.282894E-6,-4.5825414E-6,4.527014E-6,2.6533085E-6
39,4.4274307E-6,1.41160035E-5,-2.6266252E-5,-3.5027788E-5,-3.4427736E-5,-2.2054594E-5,2.8910788E-5,2.2686118E-6
40,-1.388566E-5,3.30885E-6,3.7589944E-5,5.429567E-5,4.083238E-5,2.3770566E-5,-2.4657338E-5,-1.679968E-5
41,8.536981E-6,5.7521115E-6,-4.21914E-5,-5.6154277E-5,-3.9187355E-5,-2.3549499E-5,2.7776332E-5,1.0093839E-5
42,9.195571E-6,4.021654E-6,-4.564088E-5,-6.342693E-5,-4.3879816E-5,-2.7296317E-5,3.2094278E-5,1.37439365E-5
43,7.00273E-6,1.6045798E-5,-6.7343484E-5,-9.071617E-5,-6.109567E-5,-3.9035203E-5,4.6677374E-5,1.1545861E-5
44,3.63307E-5,-8.502026E-6,-9.349319E-5,-1.3849595E-4,-1.0925052E-4,-7.143586E-5,7.331029E-5,4.6159712E-5
45,-1.966183E-5,5.0033564E-6,7.505595E-5,1.0579629E-4,7.4039366E-5,4.9144157E-5,-5.1312494E-5,-3.1410025E-5
46,-8.5432225E-7,7.175774E-8,4.759136E-6,6.4323945E-6,5.052053E-6,3.2264688E-6,-3.426215E-6,-1.9589174E-6
47,-6.060658E-6,9.498976E-7,1.9035495E-5,2.6804346E-5,1.9666362E-5,1.2480406E-5,-1.2597195E-5,-9.088101E-6
48,2.4866422E-6,9.239632E-8,-8.523572E-6,-1.2031005E-5,-8.488176E-6,-5.60584E-6,5.9201784E-6,3.7474445E-6
49,3.753913E-6,3.9760607E-6,-1.1747969E-5,-1.4900132E-5,-1.0539976E-5,-7.1284967E-6,8.380333E-6,3.0675158E-6
50,-1.2583964E-6,-2.8268078E-6,1.6154606E-6,-2.6951307E-6,-4.163432E-6,-3.121927E-6,2.9551388E-6,1.223388E-6
51,-3.698594E-5,5.1753937E-6,8.863266E-5,1.2720219E-4,9.1549E-5,5.5738936E-5,-5.617396E-5,-4.366007E-5
52,-1.198242E-5,-1.3044597E-6,3.9269955E-5,5.3656313E-5,3.829854E-5,2.4988904E-5,-2.646089E-5,-1.5521353E-5
53,-6.9497128E-6,4.7115664E-6,1.7572209E-5,2.7109803E-5,2.1395035E-5,1.5585827E-5,-1.6127973E-5,-1.0475698E-5
54,-7.76017E-6,1.7574087E-6,2.8176186E-5,3.8029342E-5,2.7638518E-5,1.796191E-5,-1.882765E-5,-1.2110761E-5
55,9.531274E-6,8.920245E-6,-4.0068982E-5,-5.3372474E-5,-4.3377036E-5,-2.6018304E-5,3.2122298E-5,1.1045924E-5
56,3.4334233E-5,1.8361711E-6,-9.9304554E-5,-1.3783145E-4,-9.723581E-5,-6.152755E-5,6.336545E-5,4.3145756E-5
57,1.0192855E-5,1.8026313E-6,-2.7674825E-5,-3.907128E-5,-2.7576838E-5,-1.7028038E-5,1.7960107E-5,1.2791353E-5
58,-1.2567793E-5,8.605102E-7,3.7949565E-5,5.172823E-5,3.651886E-5,2.320253E-5,-2.4281273E-5,-1.5709664E-5
59,-5.6181602E-6,-1.4211741E-6,2.631773E-5,3.5437857E-5,2.4408417E-5,1.6392829E-5,-1.8669838E-5,-9.079146E-6
60,2.1413316E-5,-5.370364E-7,-6.648584E-5,-9.1620284E-5,-6.746642E-5,-4.3587377E-5,4.5632205E-5,2.795837E-5
61,9.517963E-6,2.9600062E-6,-3.6083067E-5,-5.073615E-5,-3.9326842E-5,-2.5888163E-5,2.8506729E-5,1.33572785E-5
62,1.6820104E-5,2.8329239E-6,-5.3171978E-5,-7.233709E-5,-5.479077E-5,-3.5153207E-5,3.765238E-5,1.9978936E-5
63,-4.2644638E-7,-2.7158782E-7,1.4371835E-6,1.9944248E-6,1.4305846E-6,6.2204225E-7,-1.045804E-6,-5.641767E-7
64,-2.106217E-6,-9.538003E-8,6.470357E-6,9.248401E-6,6.432916E-6,3.9817583E-6,-4.563492E-6,-2.8006848E-6
65,-3.7390337E-6,1.6892436E-5,-3.394334E-5,-4.4631808E-5,-2.4417921E-5,-1.2904071E-5,2.3715991E-5,-2.0432667E-6
66,4.820326E-5,-4.4548406E-7,-1.1315113E-4,-1.5345412E-4,-1.1592669E-4,-7.670677E-5,7.74847E-5,5.1955143E-5
67,6.8477453E-7,-4.844333E-6,-4.1361554E-6,-7.577233E-6,-6.443909E-6,-4.8897E-6,6.1494675E-6,5.1938805E-6
68,-3.7718814E-7,9.295428E-7,1.3287263E-8,1.1434106E-6,-8.7056617E-7,-1.0361371E-6,-7.542135E-7,-1.3043405E-6
69,-2.2348813E-6,7.03263E-6,1.4444678E-5,2.252391E-5,1.61327E-5,1.22761785E-5,-1.1757761E-5,-8.364605E-6
70,-4.385384E-6,-7.378768E-7,1.8338524E-5,2.5440873E-5,1.7879214E-5,1.1127019E-5,-1.2556525E-5,-7.0338997E-6
71,-2.5621193E-6,1.643226E-5,-3.084578E-5,-4.058042E-5,-3.6065365E-5,-2.446733E-5,3.095953E-5,-3.473809E-6
72,1.8421397E-5,3.423668E-6,-5.0995648E-5,-7.041054E-5,-5.2520816E-5,-3.4544166E-5,3.5973946E-5,2.0636553E-5
73,1.3621162E-5,2.0596544E-6,-3.8174967E-5,-5.1381874E-5,-3.7548678E-5,-2.310136E-5,2.4831155E-5,1.5663936E-5
74,-2.9351038E-6,-4.0538282E-7,8.484335E-6,1.1198894E-5,8.588529E-6,6.1780793E-6,-5.697218E-6,-3.176375E-6
75,-5.172106E-6,8.6628106E-8,1.4770663E-5,2.056153E-5,1.4919338E-5,9.316026E-6,-1.0066663E-5,-6.745802E-6
76,5.7480334E-5,1.9600891E-5,-2.1011085E-4,-2.859511E-4,-2.0999828E-4,-1.3230447E-4,1.4663045E-4,7.2308976E-5
77,-4.415626E-5,-7.352886E-6,1.5098162E-4,2.0280996E-4,1.4572035E-4,9.1107046E-5,-9.717969E-5,-5.7653047E-5
78,4.57195E-5,-4.910912E-6,-1.11464025E-4,-1.3936934E-4,-1.1314877E-4,-6.214147E-5,6.8235255E-5,5.334161E-5
79,-2.773568E-6,-1.9197307E-6,1.11971E-5,1.6120472E-5,1.147351E-5,8.1764E-6,-8.9067535E-6,-3.526563E-6
80,-2.8602592E-5,-1.1041261E-5,9.955635E-5,1.428552E-4,1.0353147E-4,7.1206596E-5,-7.49143E-5,-3.4831803E-5
81,-2.58211E-5,-8.687333E-6,8.878361E-5,1.2744043E-4,9.245316E-5,6.302052E-5,-6.692199E-5,-3.1823278E-5
82,-8.9558E-6,-4.2110096E-6,3.706386E-5,5.2940683E-5,3.834539E-5,2.6520673E-5,-2.8698476E-5,-1.2043998E-5
83,-7.6328215E-6,-3.6956699E-6,3.1391966E-5,4.5126013E-5,3.2901207E-5,2.3388831E-5,-2.398179E-5,-1.0069194E-5
84,1.2587511E-6,-5.815007E-7,-4.8590255E-7,-7.6077833E-7,-1.0514059E-6,-6.1132636E-7,3.783107E-7,8.928521E-7
85,1.8456485E-5,7.967129E-6,-6.6390516E-5,-9.734022E-5,-7.074714E-5,-5.2482923E-5,5.2868058E-5,2.2640965E-5
86,3.7019245E-6,5.713166E-6,-2.7248407E-5,-3.880656E-5,-2.6840893E-5,-1.843735E-5,2.1192394E-5,6.4192054E-6
87,4.2967663E-6,1.9639763E-6,-1.3260044E-5,-1.8611565E-5,-1.3996964E-5,-9.308509E-6,1.0308312E-5,4.9368846E-6
88,8.659266E-6,1.31328825E-5,-6.041658E-5,-8.5321684E-5,-5.887943E-5,-3.9909704E-5,4.6288496E-5,1.389292E-5
89,1.1193796E-5,1.0055524E-5,-4.893593E-5,-7.169236E-5,-5.0148516E-5,-3.7110418E-5,3.96713E-5,1.3752244E-5
90,-3.8221305E-7,-3.8843612E-7,2.095542E-6,2.8853017E-6,2.208486E-6,1.2247143E-6,-1.4982272E-6,-3.9814412E-7
91,-3.237272E-7,-1.45999115E-8,2.516047E-7,-9.797823E-8,2.0470277E-7,-1.3844945E-8,1.4355193E-7,2.3792788E-7
92,7.844898E-6,4.67676E-6,-2.9394014E-5,-4.3270826E-5,-3.0325577E-5,-2.1335882E-5,2.3099408E-5,9.176521E-6
93,1.5170155E-5,2.3889965E-5,-6.78176E-5,-9.572086E-5,-7.852386E-5,-4.912006E-5,5.9034162E-5,1.2565042E-5
94,1.1922735E-5,-5.4180887E-6,-2.4457038E-5,-3.285245E-5,-2.465222E-5,-1.6579588E-5,1.5270964E-5,1.4192822E-5
95,-3.6855065E-6,2.5186362E-6,-1.4300555E-6,-8.055781E-8,7.874082E-7,1.5151696E-6,1.2869492E-6,-2.3163789E-6
96,4.9321386E-7,-1.1685742E-7,-1.8335867E-6,-2.2790853E-6,-1.6627035E-6,-1.0974817E-6,8.757414E-7,7.328277E-7
97,2.8946694E-9,-1.654859E-7,1.9427321E-7,2.5465854E-7,-1.0518948E-7,1.056476E-7,-3.7237037E-8,-4.1170583E-8
98,-9.806488E-6,-2.6507237E-6,3.0446065E-5,4.03098E-5,2.4766397E-5,1.5766218E-5,-1.7088963E-5,-1.1800808E-5
99,3.683641E-5,-3.1153922E-6,-7.165836E-5,-1.0335401E-4,-7.508707E-5,-5.0511528E-5,4.908786E-5,3.5986126E-5
100,-1.623019E-5,1.4696814E-5,1.7428712E-5,2.6100417E-5,1.4863834E-5,1.0410498E-5,-4.5491684E-6,-2.0805453E-5
101,6.811249E-6,7.716049E-6,-3.155258E-5,-4.208576E-5,-2.8560464E-5,-1.5576225E-5,2.1512504E-5,9.490227E-6
102,1.4977339E-6,2.1672397E-6,-1.099162E-5,-1.4822164E-5,-1.04044675E-5,-5.8930354E-6,8.355737E-6,2.5243498E-6
103,1.0662646E-5,2.1852056E-6,-3.2769578E-5,-4.4816923E-5,-3.2331132E-5,-2.0208436E-5,2.1951884E-5,1.3052884E-5
104,1.4731302E-6,5.8198117E-7,-6.2107056E-6,-8.7229055E-6,-6.3204493E-6,-3.6962422E-6,4.560062E-6,2.438829E-6
105,-7.4482637E-7,-3.4662045E-7,3.075321E-6,4.4665503E-6,2.9063153E-6,1.7139239E-6,-1.964481E-6,-1.0387687E-6
106,1.3608942E-5,1.48338495E-5,-6.0251874E-5,-8.28706E-5,-6.501533E-5,-4.2184223E-5,4.8064157E-5,1.4923435E-5
107,2.3668401E-6,1.5683514E-7,-6.2063664E-6,-8.893881E-6,-6.85258E-6,-4.5511306E-6,4.578933E-6,2.4638393E-6
108,2.984179E-6,1.0754909E-7,-7.913036E-6,-1.0670842E-5,-8.709706E-6,-5.115898E-6,5.500142E-6,3.3791425E-6
109,-1.4752757E-7,7.8783906E-8,4.2371573E-7,8.957884E-7,7.426476E-7,9.0063776E-7,-7.188884E-7,-1.6346688E-7
110,2.275075E-6,1.3557649E-6,-5.847629E-6,-7.5668213E-6,-6.252382E-6,-3.1120192E-6,4.0200225E-6,2.0107295E-6
111,-5.125077E-6,1.3216973E-6,1.4122502E-5,1.9977191E-5,1.4304693E-5,9.406776E-6,-9.18808E-6,-7.590228E-6
112,2.6735431E-6,5.24884E-7,-6.193655E-6,-8.440877E-6,-6.006204E-6,-3.5899516E-6,3.679271E-6,2.7798324E-6
113,-7.268695E-7,7.75834E-7,2.705831E-6,3.7375492E-6,2.503787E-6,1.4022716E-6,-1.62884E-6,-1.6789252E-6
114,-1.2594565E-8,-2.414449E-7,1.4983789E-7,4.397213E-7,3.078957E-7,3.4333958E-8,-3.062685E-7,-1.6504426E-7
115,2.7977205E-6,5.0509186E-7,-1.0298954E-5,-1.43352145E-5,-1.0639671E-5,-7.1010436E-6,7.506156E-6,3.988427E-6
116,3.4941606E-6,-9.037571E-8,-1.0139948E-5,-1.410113E-5,-1.0410432E-5,-7.017812E-6,6.8634363E-6,4.772497E-6
117,4.53548E-6,1.7532543E-7,-1.3887934E-5,-1.9211864E-5,-1.454212E-5,-9.008851E-6,1.0084098E-5,5.8562946E-6
118,-1.4009521E-7,-1.4635768E-7,2.6742804E-8,5.8576865E-7,1.55757E-7,5.3134883E-8,-2.5945013E-7,-1.8204312E-7
119,2.3551897E-6,4.926766E-7,-8.429121E-6,-1.1444577E-5,-8.568889E-6,-5.6686877E-6,6.071324E-6,3.1625714E-6
120,3.116632E-6,5.1348087E-7,-1.1852088E-5,-1.6198206E-5,-1.1701571E-5,-7.2315556E-6,8.369715E-6,4.135166E-6
121,8.296461E-7,2.7615482E-7,-1.8803719E-6,-2.7066587E-6,-2.1604703E-6,-1.2446822E-6,1.4137717E-6,7.6639486E-7
122,-2.2078543E-6,-2.1536037E-7,6.3575244E-6,9.3781955E-6,6.6277357E-6,4.4837634E-6,-4.381391E-6,-2.719997E-6
123,2.760213E-7,9.444893E-8,-6.2027675E-7,-6.8237654E-7,-6.001287E-7,-3.7926068E-7,2.975253E-7,2.5388425E-7
124,-8.069402E-8,-1.6592298E-7,-1.0405654E-7,-3.6602952E-9,-2.1836556E-7,-5.574934E-8,1.220346E-7,-9.35564E-8
125,-4.709176E-7,1.7523446E-7,2.140875E-6,2.9458427E-6,1.9587433E-6,1.2926764E-6,-1.3301351E-6,-1.1347925E-6
126,-4.6810968E-7,2.0354838E-7,1.2077024E-6,1.3555092E-6,9.02381E-7,6.978328E-7,-6.9030045E-7,-4.082681E-7
127,1.5377161E-6,1.250846E-7,-4.813108E-6,-6.6901857E-6,-4.7531826E-6,-2.4923204E-6,3.3362137E-6,1.5264293E-6
128,-1.4736366E-7,4.3999796E-7,3.923617E-10,-2.3770005E-7,-1.00574866E-7,-1.8304968E-7,3.0279273E-7,1.7262542E-7
129,4.5660772E-7,-3.1310998E-7,-1.266642E-6,-1.7089609E-6,-1.150817E-6,-7.418432E-7,8.167902E-7,5.4203775E-7
130,-1.111573E-6,-9.9935676E-8,3.5352934E-6,4.758431E-6,3.7132127E-6,2.2955817E-6,-2.5933182E-6,-1.7273578E-6
131,-1.6312048E-6,-8.1117676E-8,4.8778147E-6,6.6283114E-6,5.0372832E-6,3.0755211E-6,-3.057467E-6,-2.2508527E-6
132,-5.7827357E-8,-3.944594E-7,4.4229114E-7,2.9460165E-7,2.136638E-7,2.3206762E-7,-1.7565034E-7,1.2283988E-7
133,-1.5073257E-6,-1.0502087E-8,4.298379E-6,5.8100272E-6,3.9068914E-6,2.544908E-6,-2.8881575E-6,-1.5021517E-6
134,-2.3023636E-6,-7.642256E-8,6.2082713E-6,8.384602E-6,6.356075E-6,3.8491044E-6,-3.5331664E-6,-2.4745427E-6
135,1.2738706E-6,-9.84817E-8,-5.143629E-6,-7.337246E-6,-5.0412445E-6,-3.165011E-6,3.2439598E-6,2.2633837E-6
136,1.4761716E-6,3.975199E-8,-3.5590986E-6,-5.1039947E-6,-3.8070837E-6,-2.4562469E-6,2.4054418E-6,1.6073967E-6
137,-7.4400066E-7,1.0579898E-7,2.1636301E-6,3.1545483E-6,2.0798793E-6,1.3540955E-6,-1.3674843E-6,-1.0733872E-6
138,5.4969483E-8,-4.457514E-8,3.5265802E-7,4.946169E-7,2.944068E-7,2.855238E-7,-3.0467703E-7,-9.139609E-8
139,-2.438815E-7,1.9547237E-7,9.357821E-7,1.3251221E-6,1.1071377E-6,6.259206E-7,-7.5143794E-7,-3.3991182E-7
140,7.642973E-8,-4.109774E-7,4.05916E-7,4.2961256E-7,6.9184455E-7,2.5071876E-7,-1.94407E-7,-7.078483E-8
141,-2.7301583E-6,1.466035E-7,7.0367937E-6,9.895129E-6,7.0634323E-6,4.5845286E-6,-4.8759666E-6,-3.3453832E-6
142,-6.0916585E-7,-1.9243595E-7,1.981857E-6,2.224757E-6,1.5035512E-6,9.3430833E-7,-1.0758963E-6,-8.728358E-7
143,-1.5632197E-6,1.2356178E-7,4.65812E-6,6.137142E-6,4.336952E-6,2.6958317E-6,-2.7878832E-6,-1.6975193E-6
144,6.7646226E-7,2.9173358E-7,-8.8882484E-7,-1.4919756E-6,-9.541002E-7,-7.04993E-7,8.779547E-7,6.65575E-8
145,1.3144862E-6,2.0872889E-7,-4.3648665E-6,-5.6386866E-6,-4.4028975E-6,-2.70706E-6,2.9574494E-6,1.825737E-6
146,-8.224958E-7,-6.817304E-8,1.930186E-6,2.8877264E-6,2.2260958E-6,1.2394056E-6,-1.369416E-6,-1.1381945E-6
147,-4.123208E-7,3.8734424E-8,1.7121654E-7,5.917635E-8,-8.510491E-8,7.422331E-8,1.13999484E-7,-9.112688E-9
