0,0,1.08223285E-5
0,1,1.9877846E-4
0,2,-2.4681267E-5
0,3,-1.2198966E-4
0,4,-4.728271E-5
0,5,6.191448E-5
0,6,1.4818947E-4
0,7,-5.630515E-5
0,8,-3.7213846E-5
0,9,7.587037E-5
0,10,2.3567354E-5
0,11,6.4701446E-5
0,12,-1.2195044E-5
0,13,5.4719272E-5
0,14,-9.034505E-5
0,15,6.648119E-5
0,16,-1.4512637E-4
0,17,-7.620591E-5
0,18,-9.047917E-6
0,19,1.0756648E-4
0,20,-1.4167754E-5
0,21,-1.2896225E-4
0,22,8.317483E-5
0,23,-4.7638845E-5
0,24,-5.019339E-5
0,25,-1.20741584E-4
0,26,-3.4256114E-5
0,27,-6.678838E-6
0,28,-6.0382594E-5
0,29,-1.2413479E-5
0,30,2.7466362E-4
0,31,-5.024809E-5
0,32,-1.6954352E-4
0,33,7.156306E-5
0,34,-7.874777E-5
0,35,-9.818787E-6
0,36,2.6398635E-5
0,37,-1.5292209E-6
0,38,-3.233248E-5
0,39,-1.3786892E-4
0,40,-1.4108914E-4
0,41,-1.2748553E-4
0,42,5.015274E-5
0,43,1.1539766E-4
0,44,-1.9658153E-4
0,45,-2.2104135E-5
0,46,7.6975455E-5
0,47,-2.9078158E-4
0,48,-6.478356E-5
0,49,9.132935E-5
0,50,6.646576E-5
0,51,-9.526239E-6
0,52,1.5998405E-4
0,53,4.544249E-5
0,54,-1.4761576E-4
0,55,1.3582426E-4
0,56,3.8251885E-5
0,57,-5.0855942E-5
0,58,4.43473E-5
0,59,3.7002184E-5
0,60,-6.994363E-5
0,61,1.2917927E-4
0,62,-6.7105924E-5
0,63,4.625163E-5
0,64,6.439819E-5
0,65,9.733412E-5
0,66,-4.9055543E-5
0,67,-5.132621E-5
0,68,-1.2331731E-4
0,69,7.1065406E-5
0,70,2.7083533E-5
0,71,-1.6230912E-4
0,72,-6.8281355E-5
0,73,-4.1166433E-5
0,74,-5.1439943E-5
0,75,-5.9910002E-5
0,76,1.4523091E-4
0,77,1.4251978E-4
0,78,1.634231E-4
0,79,1.185756E-4
0,80,1.3931759E-4
0,81,4.923405E-5
0,82,1.6657276E-4
0,83,-2.3137716E-5
0,84,-1.6671483E-4
0,85,-7.39896E-5
0,86,4.9082057E-5
0,87,-3.4732446E-5
0,88,-2.747376E-4
0,89,-1.495537E-4
0,90,-6.4581654E-5
0,91,-6.911323E-5
0,92,-1.822481E-4
0,93,5.1714906E-5
0,94,1.3029814E-4
0,95,3.948135E-5
0,96,1.16842086E-4
0,97,8.891031E-5
0,98,1.4013376E-4
0,99,-8.192114E-5
