0,-1.1438841
1,-0.6266291
2,-0.1783676
3,0.19056639
4,0.26440746
5,0.53736347
6,0.45625833
7,0.3149503
8,-0.029069869
9,-0.12993689
10,-0.39023644
11,0.010095001
12,0.35429356
13,-0.14990565
14,-0.18760408
15,0.29087335
16,-0.01121798
17,-6.129639E-4
18,0.31450754
19,-0.16251023
20,-0.39783493
21,0.394425
22,-0.2843546
23,-0.10106942
24,0.00655503
25,0.1143938
26,-0.3713931
27,0.47678742
28,0.50366527
29,-0.16593698
30,-0.30614683
31,-0.09566169
32,-0.030432334
33,-0.108613
34,-0.94778824
35,-0.70389616
36,-0.27105957
37,0.013174171
38,0.006581097
39,0.31446826
40,0.39437547
41,0.5034523
42,0.47684664
43,-0.72166204
44,1.198605
45,-0.44143894
46,-0.07599342
47,-0.1640641
48,0.041129485
49,-0.05039971
50,-0.023995632
51,0.8425453
52,-0.4203835
53,0.68442875
54,-0.68131405
55,0.24457265
56,-0.0055937213
57,-0.20338003
58,-0.5230635
59,-0.43919247
60,0.3400993
61,-0.1883034
62,0.22109066
63,-0.008089714
64,-0.05291774
65,0.15598741
66,0.25049073
67,0.99682444
68,-0.85839236
69,-0.51371413
70,-0.24535465
71,0.12409959
72,-0.120250925
73,-0.007742114
74,-0.083367676
75,-0.12649277
76,0.224108
77,-0.4380119
78,-1.6893605
79,-0.09978517
80,-0.53462934
81,-0.37365523
82,-0.0962764
83,-0.10956371
84,-0.007643007
85,0.8501468
86,0.24056256
87,0.079323836
88,0.56982815
89,0.6757981
90,-0.015487222
91,2.4500352E-4
92,0.296242
93,-0.80769396
94,0.46963426
95,0.11742608
96,0.0077334302
97,-8.9755014E-4
98,-0.7301125
99,-0.20172529
100,0.25152886
101,0.34712225
102,0.044463344
103,0.10098436
104,0.009322921
105,-0.035156038
106,0.2205557
107,-6.686879E-4
108,0.022777118
109,-0.014687458
110,-0.07127711
111,-0.28948137
112,-0.0038151904
113,-0.035981353
114,-0.0035116915
115,0.053469896
116,0.035678785
117,0.04836379
118,4.6696365E-4
119,0.038039926
120,0.058107648
121,-0.0028296828
122,-0.031028992
123,-1.247033E-4
124,-0.002434823
125,-0.015843725
126,-0.0070575275
127,0.028411053
128,-0.013677007
129,-0.0024940732
130,-0.035848364
131,-0.033459898
132,-0.006402508
133,-0.03296013
134,-0.050367687
135,0.020496259
136,0.013473914
137,-0.012343687
138,-0.0053220573
139,-0.006575826
140,-0.007536261
141,-0.025442269
142,-0.015908845
143,-0.037687927
144,0.001869693
145,0.01712715
146,-0.006685697
147,2.0367464E-5
