0,0,-3.4329535E-8
0,1,9.405358E-9
0,2,3.2309755E-10
0,3,-1.2061463E-11
0,4,-6.562679E-10
0,5,-3.1245184E-9
0,6,-3.996748E-9
0,7,8.0598117E-10
0,8,1.7211343E-10
0,9,-3.6227044E-9
0,10,-2.610092E-9
0,11,2.1767038E-10
0,12,-7.2400503E-9
0,13,-1.2015449E-8
0,14,-4.033169E-9
0,15,5.420857E-10
0,16,5.4352314E-9
0,17,-8.4915905E-9
0,18,-1.1846196E-8
0,19,-8.02062E-10
0,20,-1.6321025E-9
0,21,2.2372337E-10
0,22,2.65668E-10
0,23,1.7284191E-9
0,24,-3.6675196E-9
0,25,-2.7511928E-9
0,26,9.53827E-9
0,27,-9.281548E-10
0,28,-2.4000208E-9
0,29,-2.519346E-9
0,30,5.746548E-9
0,31,7.3266992E-9
0,32,-1.0777779E-9
0,33,-2.8399536E-9
0,34,2.3669726E-9
0,35,-4.1191015E-9
0,36,-2.9417722E-9
0,37,-4.469075E-9
0,38,2.4250574E-10
0,39,-2.3183404E-9
0,40,-7.0630124E-10
0,41,-2.9579577E-9
0,42,-1.9036792E-9
0,43,-2.9413494E-9
0,44,-3.607468E-9
0,45,1.9969369E-10
0,46,-8.979384E-10
0,47,-4.784207E-11
0,48,-4.5645745E-9
0,49,-3.923166E-9
0,50,1.3310869E-9
0,51,-6.7747674E-9
0,52,2.2941178E-10
0,53,-7.730632E-9
0,54,5.1903863E-9
0,55,-4.509654E-9
0,56,-7.395152E-10
0,57,-5.862338E-10
0,58,-8.858251E-10
0,59,-1.338578E-8
0,60,-6.580264E-10
0,61,-3.868868E-9
0,62,-1.4411793E-8
0,63,-1.1983349E-9
0,64,1.7421E-10
0,65,-7.800821E-9
0,66,3.8495847E-9
0,67,1.8765636E-8
0,68,-6.1990884E-9
0,69,1.3619735E-9
0,70,1.0763913E-8
0,71,7.930828E-9
0,72,1.2911001E-9
0,73,1.5455944E-9
0,74,5.3842186E-10
0,75,-7.076717E-11
0,76,8.9283436E-10
0,77,-3.7784473E-9
0,78,1.4911308E-10
0,79,-4.061147E-10
0,80,-4.469356E-9
0,81,6.464039E-9
0,82,2.7807303E-9
0,83,1.6839392E-9
0,84,-1.7690337E-9
0,85,4.9020312E-9
0,86,2.865457E-9
0,87,-2.9029298E-10
0,88,-4.448609E-9
0,89,-3.0491325E-9
0,90,2.6751867E-10
0,91,-5.435129E-9
0,92,1.1778781E-9
0,93,6.0992735E-9
0,94,9.34387E-10
0,95,-4.473017E-9
0,96,-9.086478E-9
0,97,-3.7948467E-10
0,98,-3.0830198E-9
0,99,-1.368146E-10
