0,0,-2.0304591E-7
0,1,-2.4216226E-6
0,2,-6.899884E-7
0,3,-5.007672E-6
0,4,-2.4995236E-6
0,5,-7.173522E-6
0,6,-9.658486E-6
0,7,-1.2025553E-6
0,8,-2.1990058E-7
0,9,-7.0283136E-7
0,10,-2.6271741E-6
0,11,-4.9186033E-6
0,12,-1.3206414E-7
0,13,-5.939643E-6
0,14,-4.0835644E-6
0,15,-7.840389E-6
0,16,-2.5938143E-6
0,17,-1.9106785E-6
0,18,-5.6804026E-7
0,19,-7.797401E-6
0,20,-5.434344E-7
0,21,-1.8110682E-6
0,22,-4.863615E-7
0,23,-3.3082938E-7
0,24,-9.186855E-7
0,25,-2.5500021E-6
0,26,-8.9030607E-7
0,27,-7.9187686E-8
0,28,-9.404091E-7
0,29,-2.4545997E-7
0,30,-2.9079622E-5
0,31,-1.3374413E-6
0,32,-4.987647E-6
0,33,-4.682279E-6
0,34,-1.7372754E-6
0,35,-4.58494E-7
0,36,-1.6144313E-6
0,37,-3.257547E-8
0,38,-7.105305E-7
0,39,-4.731238E-6
0,40,-6.413445E-6
0,41,-2.311554E-6
0,42,-3.5680685E-6
0,43,-1.3792047E-5
0,44,-1.0718753E-5
0,45,-6.5834996E-7
0,46,-3.9296006E-6
0,47,-8.342027E-6
0,48,-1.1316943E-6
0,49,-1.1796996E-6
0,50,-5.9273793E-6
0,51,-2.9374655E-7
0,52,-7.758017E-6
0,53,-4.4838544E-7
0,54,-4.646554E-6
0,55,-1.4628461E-5
0,56,-3.1690668E-6
0,57,-6.8138456E-7
0,58,-1.5506489E-6
0,59,-1.6677734E-7
0,60,-2.1302646E-6
0,61,-6.341881E-6
0,62,-3.4910272E-6
0,63,-5.015051E-6
0,64,-3.1391755E-7
0,65,-1.16924175E-5
0,66,-1.9337015E-6
0,67,-7.408448E-7
0,68,-2.755241E-6
0,69,-6.657887E-6
0,70,-1.1185704E-6
0,71,-8.404969E-6
0,72,-1.8340464E-6
0,73,-1.740058E-6
0,74,-1.6790791E-6
0,75,-1.6121846E-6
0,76,-1.5376116E-5
0,77,-1.6964214E-5
0,78,-1.9033982E-5
0,79,-3.4668196E-6
0,80,-1.0522872E-6
0,81,-3.4188408E-6
0,82,-1.730928E-5
0,83,-8.959647E-7
0,84,-7.450835E-7
0,85,-5.239053E-7
0,86,-3.2351873E-6
0,87,-7.8335074E-7
0,88,-4.7017465E-6
0,89,-4.4547724E-6
0,90,-1.725326E-6
0,91,-3.071865E-6
0,92,-4.1582016E-6
0,93,-1.8083103E-6
0,94,-3.619121E-6
0,95,-4.862735E-6
0,96,-5.2812125E-6
0,97,-6.402145E-6
0,98,-1.5894546E-5
0,99,-3.9274178E-6
