0,-1.3820986
1,-0.40434486
2,0.170689
3,0.4795179
4,0.49727184
5,0.12729917
6,-0.31272706
7,0.29897112
8,0.5068142
9,-0.11951763
10,-0.19587702
11,-0.028818477
12,-0.0031443574
13,-0.29564953
14,-0.10237483
15,-0.072803505
16,-0.09049818
17,-0.07764552
18,-0.22779658
19,-0.07467778
20,-0.19709605
21,-0.26429754
22,0.5309497
23,0.028400755
24,0.0016361766
25,-0.2230927
26,-0.40006155
27,0.026067553
28,0.032463703
29,-0.10880925
30,-0.1103145
31,0.55489933
32,-0.15935567
33,-0.04788563
34,-1.2205476
35,-0.2642973
36,-0.074677385
37,0.030038811
38,0.8905163
39,1.1398692
40,-0.5141691
41,-0.7201927
42,-0.31665203
43,-0.1449725
44,-0.18067911
45,0.097830966
46,0.56562674
47,0.06912048
48,-0.7046735
49,0.29492623
50,0.7451121
51,0.5362104
52,-0.5492262
53,-0.3653807
54,0.026608985
55,-0.6175406
56,-0.113045074
57,-0.08989329
58,0.4885122
59,-0.010200548
60,1.2595341
61,-1.0061496
62,-0.05846039
63,-0.050544545
64,-0.3584239
65,-0.42492062
66,-0.017626444
67,-0.05844098
68,-0.19831812
69,-0.1849675
70,-0.17961495
71,-0.7003958
72,0.061425775
73,-1.1502885
74,0.5113186
75,-0.83710265
76,0.19813238
77,-1.1163719
78,-0.17212075
79,-0.086765416
80,0.30342343
81,0.43286842
82,0.22090264
83,0.027860533
84,0.06207713
85,-0.06649264
86,0.03482115
87,0.06707192
88,-0.016034035
89,-0.06649628
90,0.026493367
91,-0.045929726
92,-0.06387111
93,-0.104052894
94,0.02008674
95,0.008467806
96,-0.006272827
97,0.10228223
98,0.08400888
99,-0.023572695
100,0.013292504
101,-0.061792966
102,-0.32561532
103,-0.0013851434
104,0.02222128
105,0.01694918
106,-0.060501695
107,-0.0030060136
108,-0.018428631
109,0.031662907
110,-0.022558954
111,-0.09349994
112,-0.015962958
113,-0.026038356
114,-0.034782443
115,-0.0043566446
116,-0.009392984
117,0.015254119
118,-0.059278566
119,-0.0131271
120,-0.017320568
121,-0.005279799
122,-3.2839656E-4
0,-3.6038147E-4
1,-3.0949045E-4
2,0.0010451744
3,2.948371E-4
4,-3.046593E-4
5,-0.0016548608
6,-4.4623643E-4
7,-0.0013535372
8,-0.0012592541
9,-9.7058655E-4
10,7.780166E-4
11,3.198278E-4
12,4.511607E-5
13,-3.7960958E-4
14,-7.961648E-5
15,8.4196427E-4
16,0.0013866206
17,-0.0014038766
18,0.0014444445
19,-0.0012589322
20,-0.0013515236
21,0.0016109872
22,-0.0011604638
23,0.0012120479
24,5.172728E-4
25,1.7741161E-4
26,0.0014214388
27,-9.316938E-4
28,3.321093E-4
29,3.9770643E-4
30,-6.084936E-4
31,-0.0019223742
32,1.5870943E-4
33,3.2683247E-4
34,-4.0961307E-4
35,0.0016109872
36,-0.0012589322
37,0.0017293212
38,-0.0013062834
39,-3.560965E-4
40,-0.001128821
41,1.7483381E-4
42,0.002082128
43,-2.8404483E-4
44,9.026413E-4
45,-0.001025155
46,-0.0012244681
47,4.735202E-4
48,-4.1797204E-5
49,-9.034075E-4
50,-0.0011078616
51,-6.1927777E-4
52,0.0015423408
53,-5.6101056E-4
54,-7.1782654E-4
55,6.1523356E-4
56,3.0414044E-4
57,5.826911E-4
58,-0.0029901704
59,6.125416E-5
60,5.0480998E-5
61,-3.3826497E-4
62,-8.861747E-4
63,0.0021560863
64,0.0013727986
65,-0.0019894463
66,-7.3770265E-4
67,-0.0011682323
68,0.0013947957
69,8.0601213E-4
70,7.0607406E-5
71,0.0019552659
72,-0.0015897854
73,0.001550035
74,-0.0011845571
75,9.252208E-4
76,-5.5973505E-4
77,-0.0012359901
78,4.5303208E-5
79,0.0015936921
80,0.0014768563
81,-0.0015143825
82,-0.001154446
83,-3.387722E-4
84,-6.627364E-4
85,4.1593658E-4
86,-2.1902432E-4
87,-5.952438E-4
88,1.6755695E-4
89,3.246597E-4
90,-4.247223E-4
91,2.488872E-4
92,5.9287716E-4
93,6.125004E-4
94,-4.7592635E-4
95,-1.0011003E-4
96,4.6087032E-5
97,-0.0013940844
98,-6.4541906E-4
99,-1.5043677E-5
100,8.8471985E-5
101,3.6797568E-4
102,6.613593E-4
103,2.1143074E-5
104,-1.8058713E-4
105,-2.646785E-4
106,4.6574275E-4
107,-2.4653757E-6
108,-3.42443E-5
109,-2.7176883E-4
110,4.9380917E-5
111,8.2623976E-4
112,1.1694248E-4
113,-4.750724E-5
114,2.267964E-4
115,-9.863949E-6
116,6.876463E-5
117,-1.787235E-4
118,3.6597118E-4
119,8.904296E-5
120,1.371491E-4
121,8.0974874E-5
122,3.044157E-6
0,0.0
1,0.0
2,0.0
3,0.0
4,0.0
5,0.0
6,0.0
7,0.0
8,0.0
9,0.0
10,0.0
11,0.0
12,0.0
13,0.0
14,0.0
15,0.0
16,0.0
17,0.0
18,0.0
19,0.0
20,0.0
21,0.0
22,0.0
23,0.0
24,0.0
25,0.0
26,0.0
27,0.0
28,0.0
29,0.0
30,0.0
31,0.0
32,0.0
33,0.0
34,0.0
35,0.0
36,0.0
37,0.0
38,0.0
39,0.0
40,0.0
41,0.0
42,0.0
43,0.0
44,0.0
45,0.0
46,0.0
47,0.0
48,0.0
49,0.0
50,0.0
51,0.0
52,0.0
53,0.0
54,0.0
55,0.0
56,0.0
57,0.0
58,0.0
59,0.0
60,0.0
61,0.0
62,0.0
63,0.0
64,0.0
65,0.0
66,0.0
67,0.0
68,0.0
69,0.0
70,0.0
71,0.0
72,0.0
73,0.0
74,0.0
75,0.0
76,0.0
77,0.0
78,0.0
79,0.0
80,0.0
81,0.0
82,0.0
83,0.0
84,0.0
85,0.0
86,0.0
87,0.0
88,0.0
89,0.0
90,0.0
91,0.0
92,0.0
93,0.0
94,0.0
95,0.0
96,0.0
97,0.0
98,0.0
99,0.0
100,0.0
101,0.0
102,0.0
103,0.0
104,0.0
105,0.0
106,0.0
107,0.0
108,0.0
109,0.0
110,0.0
111,0.0
112,0.0
113,0.0
114,0.0
115,0.0
116,0.0
117,0.0
118,0.0
119,0.0
120,0.0
121,0.0
122,0.0
